0.000000    -46.500000
0.000224    -46.431129
0.000460    -46.358669
0.000710    -46.282452
0.000974    -46.202301
0.001253    -46.118034
0.001548    -46.029472
0.001860    -45.936417
0.002190    -45.838669
0.002538    -45.736031
0.002906    -45.628284
0.003296    -45.515221
0.003707    -45.396618
0.004142    -45.272251
0.004602    -45.141888
0.005088    -45.005299
0.005602    -44.862244
0.006145    -44.712479
0.006718    -44.555763
0.007325    -44.391853
0.007966    -44.220493
0.008644    -44.041443
0.009361    -43.854446
0.010118    -43.659256
0.010919    -43.455627
0.011765    -43.243313
0.012659    -43.022068
0.013605    -42.791660
0.014604    -42.551853
0.015660    -42.302418
0.016777    -42.043137
0.017957    -41.773796
0.019204    -41.494194
0.020523    -41.204136
0.021917    -40.903439
0.023390    -40.591934
0.024947    -40.269463
0.026593    -39.935886
0.028333    -39.591068
0.030172    -39.234898
0.032116    -38.867279
0.034171    -38.488129
0.036343    -38.097382
0.038639    -37.694992
0.041065    -37.280930
0.043630    -36.855186
0.046342    -36.417763
0.049208    -35.968693
0.052237    -35.508007
0.055439    -35.035774
0.058824    -34.552071
0.062401    -34.056984
0.066183    -33.550629
0.070180    -33.033131
0.074405    -32.504620
0.078871    -31.965265
0.083592    -31.415226
0.088582    -30.854683
0.093856    -30.283823
0.099431    -29.702852
0.105324    -29.111973
0.111553    -28.511412
0.118137    -27.901390
0.125097    -27.282143
0.132453    -26.653904
0.140229    -26.016914
0.148448    -25.371416
0.157136    -24.717665
0.166319    -24.055902
0.176026    -23.386381
0.186286    -22.709347
0.197131    -22.025051
0.208595    -21.333735
0.220712    -20.635653
0.233520    -19.931040
0.247059    -19.220137
0.261369    -18.503178
0.276496    -17.780394
0.292484    -17.052011
0.309385    -16.318249
0.327249    -15.579332
0.346132    -14.835464
0.366091    -14.086853
0.387188    -13.333697
0.409489    -12.576193
0.433061    -11.814522
0.457977    -11.048876
0.484313    -10.279426
0.512151    -9.506344
0.541577    -8.729793
0.572680    -7.949931
0.605557    -7.166907
0.640308    -6.380876
0.677041    -5.591974
0.715868    -4.800339
0.756909    -4.006097
0.800290    -3.209376
0.846144    -2.410290
0.894614    -1.608961
0.945846    -0.805497
1.000000    0.000000
