0.000000    -46.500000
0.010000    -43.689514
0.020000    -41.318478
0.030000    -39.267872
0.040000    -37.461308
0.050000    -35.846825
0.060000    -34.387478
0.070000    -33.056046
0.080000    -31.831905
0.090000    -30.699043
0.100000    -29.644789
0.110000    -28.658934
0.120000    -27.733145
0.130000    -26.860519
0.140000    -26.035280
0.150000    -25.252548
0.160000    -24.508156
0.170000    -23.798521
0.180000    -23.120544
0.190000    -22.471521
0.200000    -21.849079
0.210000    -21.251125
0.220000    -20.675808
0.230000    -20.121471
0.240000    -19.586643
0.250000    -19.069996
0.260000    -18.570332
0.270000    -18.086571
0.280000    -17.617733
0.290000    -17.162926
0.300000    -16.721331
0.310000    -16.292204
0.320000    -15.874860
0.330000    -15.468669
0.340000    -15.073050
0.350000    -14.687469
0.360000    -14.311425
0.370000    -13.944462
0.380000    -13.586149
0.390000    -13.236089
0.400000    -12.893909
0.410000    -12.559262
0.420000    -12.231825
0.430000    -11.911292
0.440000    -11.597380
0.450000    -11.289820
0.460000    -10.988358
0.470000    -10.692760
0.480000    -10.402802
0.490000    -10.118269
0.500000    -9.838966
0.510000    -9.564704
0.520000    -9.295301
0.530000    -9.030592
0.540000    -8.770411
0.550000    -8.514610
0.560000    -8.263043
0.570000    -8.015572
0.580000    -7.772065
0.590000    -7.532398
0.600000    -7.296450
0.610000    -7.064110
0.620000    -6.835268
0.630000    -6.609819
0.640000    -6.387666
0.650000    -6.168713
0.660000    -5.952868
0.670000    -5.740047
0.680000    -5.530163
0.690000    -5.323139
0.700000    -5.118896
0.710000    -4.917362
0.720000    -4.718463
0.730000    -4.522134
0.740000    -4.328310
0.750000    -4.136925
0.760000    -3.947920
0.770000    -3.761237
0.780000    -3.576818
0.790000    -3.394609
0.800000    -3.214560
0.810000    -3.036618
0.820000    -2.860735
0.830000    -2.686864
0.840000    -2.514960
0.850000    -2.344977
0.860000    -2.176874
0.870000    -2.010611
0.880000    -1.846146
0.890000    -1.683442
0.900000    -1.522461
0.910000    -1.363166
0.920000    -1.205525
0.930000    -1.049501
0.940000    -0.895063
0.950000    -0.742177
0.960000    -0.590815
0.970000    -0.440944
0.980000    -0.292537
0.990000    -0.145565
1.000000    0.000000
