0.000000    -46.500000
0.010000    -46.293324
0.020000    -46.080818
0.030000    -45.862411
0.040000    -45.638020
0.050000    -45.407570
0.060000    -45.171001
0.070000    -44.928242
0.080000    -44.679237
0.090000    -44.423923
0.100000    -44.162262
0.110000    -43.894196
0.120000    -43.619694
0.130000    -43.338715
0.140000    -43.051228
0.150000    -42.757214
0.160000    -42.456650
0.170000    -42.149521
0.180000    -41.835823
0.190000    -41.515556
0.200000    -41.188717
0.210000    -40.855320
0.220000    -40.515381
0.230000    -40.168915
0.240000    -39.815952
0.250000    -39.456524
0.260000    -39.090664
0.270000    -38.718414
0.280000    -38.339828
0.290000    -37.954952
0.300000    -37.563843
0.310000    -37.166565
0.320000    -36.763184
0.330000    -36.353764
0.340000    -35.938381
0.350000    -35.517117
0.360000    -35.090046
0.370000    -34.657253
0.380000    -34.218834
0.390000    -33.774868
0.400000    -33.325455
0.410000    -32.870686
0.420000    -32.410656
0.430000    -31.945467
0.440000    -31.475222
0.450000    -31.000015
0.460000    -30.519955
0.470000    -30.035143
0.480000    -29.545683
0.490000    -29.051680
0.500000    -28.553240
0.510000    -28.050468
0.520000    -27.543470
0.530000    -27.032349
0.540000    -26.517206
0.550000    -25.998154
0.560000    -25.475290
0.570000    -24.948717
0.580000    -24.418537
0.590000    -23.884850
0.600000    -23.347754
0.610000    -22.807346
0.620000    -22.263727
0.630000    -21.716988
0.640000    -21.167221
0.650000    -20.614523
0.660000    -20.058973
0.670000    -19.500673
0.680000    -18.939701
0.690000    -18.376146
0.700000    -17.810087
0.710000    -17.241606
0.720000    -16.670780
0.730000    -16.097692
0.740000    -15.522416
0.750000    -14.945022
0.760000    -14.365582
0.770000    -13.784168
0.780000    -13.200846
0.790000    -12.615679
0.800000    -12.028737
0.810000    -11.440082
0.820000    -10.849770
0.830000    -10.257862
0.840000    -9.664415
0.850000    -9.069482
0.860000    -8.473119
0.870000    -7.875378
0.880000    -7.276308
0.890000    -6.675959
0.900000    -6.074375
0.910000    -5.471601
0.920000    -4.867686
0.930000    -4.262670
0.940000    -3.656595
0.950000    -3.049498
0.960000    -2.441419
0.970000    -1.832391
0.980000    -1.222458
0.990000    -0.611650
1.000000    0.000000
