0.000000    -46.500000
0.004653    -45.127407
0.009371    -43.851704
0.014155    -42.659027
0.019006    -41.538277
0.023924    -40.480442
0.028912    -39.478104
0.033968    -38.525066
0.039096    -37.616123
0.044295    -36.746841
0.049566    -35.913429
0.054911    -35.112598
0.060331    -34.341503
0.065826    -33.597649
0.071398    -32.878830
0.077048    -32.183113
0.082777    -31.508768
0.088586    -30.854248
0.094475    -30.218172
0.100447    -29.599298
0.106503    -28.996500
0.112643    -28.408760
0.118868    -27.835148
0.125181    -27.274824
0.131581    -26.727013
0.138071    -26.191006
0.144652    -25.666155
0.151324    -25.151857
0.158090    -24.647566
0.164950    -24.152763
0.171906    -23.666977
0.178958    -23.189770
0.186110    -22.720728
0.193361    -22.259470
0.200713    -21.805643
0.208168    -21.358912
0.215727    -20.918961
0.223392    -20.485504
0.231164    -20.058268
0.239044    -19.636988
0.247034    -19.221424
0.255135    -18.811350
0.263350    -18.406549
0.271679    -18.006817
0.280125    -17.611959
0.288689    -17.221796
0.297372    -16.836155
0.306176    -16.454872
0.315103    -16.077789
0.324155    -15.704762
0.333333    -15.335649
0.342640    -14.970317
0.352076    -14.608638
0.361644    -14.250492
0.371345    -13.895761
0.381182    -13.544338
0.391157    -13.196116
0.401270    -12.850996
0.411525    -12.508878
0.421923    -12.169673
0.432466    -11.833290
0.443156    -11.499648
0.453995    -11.168664
0.464986    -10.840261
0.476130    -10.514362
0.487430    -10.190899
0.498887    -9.869799
0.510504    -9.551000
0.522284    -9.234436
0.534228    -8.920046
0.546339    -8.607770
0.558618    -8.297554
0.571070    -7.989339
0.583695    -7.683077
0.596496    -7.378715
0.609476    -7.076203
0.622637    -6.775496
0.635982    -6.476544
0.649513    -6.179308
0.663233    -5.883740
0.677144    -5.589803
0.691250    -5.297455
0.705553    -5.006659
0.720055    -4.717376
0.734760    -4.429569
0.749670    -4.143204
0.764788    -3.858249
0.780117    -3.574669
0.795660    -3.292432
0.811421    -3.011508
0.827401    -2.731868
0.843604    -2.453478
0.860033    -2.176315
0.876692    -1.900351
0.893584    -1.625558
0.910711    -1.351910
0.928077    -1.079383
0.945686    -0.807950
0.963540    -0.537592
0.981644    -0.268282
1.000000    0.000000
