0.000000    -46.500000
0.001874    -45.932140
0.003801    -45.369625
0.005782    -44.812214
0.007819    -44.259674
0.009913    -43.711796
0.012066    -43.168377
0.014280    -42.629227
0.016555    -42.094158
0.018895    -41.563011
0.021301    -41.035614
0.023774    -40.511822
0.026316    -39.991482
0.028930    -39.474461
0.031618    -38.960625
0.034381    -38.449852
0.037222    -37.942024
0.040143    -37.437027
0.043145    -36.934753
0.046233    -36.435097
0.049407    -35.937965
0.052670    -35.443264
0.056025    -34.950901
0.059474    -34.460796
0.063021    -33.972866
0.066667    -33.487026
0.070415    -33.003212
0.074269    -32.521347
0.078231    -32.041367
0.082305    -31.563200
0.086493    -31.086784
0.090799    -30.612064
0.095226    -30.138981
0.099777    -29.667477
0.104457    -29.197498
0.109268    -28.728996
0.114214    -28.261919
0.119299    -27.796223
0.124527    -27.331860
0.129903    -26.868786
0.135429    -26.406958
0.141111    -25.946339
0.146952    -25.486887
0.152958    -25.028564
0.159132    -24.571339
0.165480    -24.115170
0.172007    -23.660027
0.178717    -23.205877
0.185615    -22.752689
0.192708    -22.300432
0.200000    -21.849079
0.207497    -21.398600
0.215205    -20.948969
0.223129    -20.500158
0.231277    -20.052139
0.239653    -19.604895
0.248265    -19.158398
0.257119    -18.712626
0.266221    -18.267557
0.275580    -17.823168
0.285202    -17.379438
0.295095    -16.936352
0.305265    -16.493887
0.315721    -16.052025
0.326472    -15.610746
0.337524    -15.170036
0.348888    -14.729873
0.360571    -14.290247
0.372582    -13.851137
0.384931    -13.412533
0.397627    -12.974415
0.410680    -12.536772
0.424100    -12.099584
0.437897    -11.662846
0.452083    -11.226540
0.466667    -10.790655
0.481661    -10.355179
0.497076    -9.920097
0.512925    -9.485402
0.529220    -9.051077
0.545972    -8.617118
0.563196    -8.183511
0.580904    -7.750244
0.599110    -7.317312
0.617827    -6.884700
0.637071    -6.452400
0.656856    -6.020408
0.677197    -5.588710
0.698109    -5.157300
0.719610    -4.726168
0.741715    -4.295307
0.764442    -3.864707
0.787808    -3.434365
0.811830    -3.004271
0.836528    -2.574419
0.861921    -2.144801
0.888027    -1.715411
0.914867    -1.286240
0.942462    -0.857286
0.970832    -0.428541
1.000000    0.000000
